&title=[宴]セガサターン起動音[H.][Remix][宴]
&wholebpm=148
&artist=Hiro
&des=
&shortid=100220
&genre=宴会場
&cabinet=SD
&version=maimai DX BUDDiES
&ChartConverter=Neskol
&ChartConvertTool=MaichartConverter
&ChartConvertToolVersion=1.0.7.1
&smsg=See https://github.com/Neskol/MaichartConverter for updates

&lv_7=13+?

&inote_7=
(148){1},
{16}1,2,3,4,5,6,7,8,1,2,3,4,5,6,7,8,
{24}1,2,3,4,5,6,7,8,1,2,3,4,5,6,7,8,1,2,3,4,5,6,7,8,
{32}1,2,3,4,5,6,7,8,1,2,3,4,5,6,7,8,1,2,3,4,5,6,7,8,1b,,,,,,,,
{4}1,2,3,4,
{4}5,6,7,8,
{8}1,2,3,4,5,6,7,8,
{16}1b,2,3,4,5,6,7,8,1,2,3,4,5,6,7,8,
{32}1,,2,,3,,4,,5,,6,,7,,8,,1,2,3,4,5,6,7,8,1b,2,3,4,5,6,7,8,
{16}4,3,2,1,8,7,6,5,4,3,2,1,8,7,6,5,
{32}4,,3,,2,,1,,8,,7,,6,,5,,4,3,2,1,8,7,6,5,4b,3,2,1,8,7,6,5,
{16}2,3,4,5,6,7,8,1,2,3,4,5,6,7,8,1,
{32}2,,3,,4,,5,,6,,7,,8,,1,,2,3,4,5,6,7,8,1,2b,3,4,5,6,7,8,1,
{16}7,6,5,4,3,2,1,8,7,6,5,4,3,2,1,8,
{32}7,,6,,5,,4,,3,,2,,1,,8,,7,6,5,4,3,2,1,8,7b,6,5,4,3,2,1,8,
{16}1b,2,3,4,5,6,7,8,4,3,2,1,8,7,6,5,
{32}1,,2,,3,,4,,5,,6,,7,,8,,4,3,2,1,8,7,6,5,4b,3,2,1,8,7,6,5,
{16}1,2,3,4,5,6,7,8,4,3,2,1,8,7,6,5,
{32}1,,2,,3,,4,,5,,6,,7,,8,,4,3,2,1,8,7,6,5,4b,3,2,1,8,7,6,5,
{16}1,2,3,4,5,6,7,8,4,3,2,1,8,7,6,5,
{32}1,,2,,3,,4,,5,,6,,7,,8,,4,3,2,1,8,7,6,5,4b,3,2,1,8,7,6,5,
{16}1,2,3,4,5,6,7,8,4,3,2,1,8,7,6,5,
{32}1,,2,,3,,4,,5,,6,,7,,8,,4,3,2,1,8,7,6,5,4b,3,2,1,8,7,6,5,
{16}1,2,3,4,5,6,7,8,2,3,4,5,6,7,8,1,
{32}3,,4,,5,,6,,7,,8,,1,,2,,4,5,6,7,8,1,2,3,4b,5,6,7,8,1,2,3,
{16}5,6,7,8,1,2,3,4,6,7,8,1,2,3,4,5,
{32}7,,8,,1,,2,,3,,4,,5,,6,,8,1,2,3,4,5,6,7,8b,1,2,3,4,5,6,7,
{16}1,2,3,4,5,6,7,8,2,3,4,5,6,7,8,1,
{32}3,,4,,5,,6,,7,,8,,1,,2,,4,5,6,7,8,1,2,3,4b,5,6,7,8,1,2,3,
{16}5,6,7,8,1,2,3,4,6,7,8,1,2,3,4,5,
{32}7,,8,,1,,2,,3,,4,,5,,6,,8,1,2,3,4,5,6,7,8b,1,2,3,4,5,6,7,
{12}1b,2,3,4/8,5,6,3/7,8,1,2/6,3,4,
{24}1/5,,6,,7,,4/8,,1,,2,,3b,4,5,6,7,8,1b,2,3,4,5,6,
{12}8,7,6,1/5,4,3,2/6,1,8,3/7,6,5,
{24}4/8,,3,,2,,1/5,,8,,7,,6b,5,4,3,2,1,8b,7,6,5,4,3,
{12}1,2,3,4/8,5,6,3/7,8,1,2/6,3,4,
{24}1/5,,6,,7,,4/8,,1,,2,,3b,4,5,6,7,8,1b,2,3,4,5,6,
{12}8,7,6,1/5,4,3,2/6,1,8,3/7,2/6,1/5,
{16},,,,,,1/8,1/8,1/8,,1/8,,1/8,,1/8,1/8,
{32}1b,2,3,4,5,6,7,8,1,2,3,4,5,6,7,8,1b,2,3,4,5,6,7,8,1,2,3,4,5,6,7,8,
{32}5b,4,3,2,1,8,7,6,5,4,3,2,1,8,7,6,5b,4,3,2,1,8,7,6,5,4,3,2,1,8,7,6,
{32}2b,3,4,5,6,7,8,1,2,3,4,5,6,7,8,1,2b,3,4,5,6,7,8,1,2,3,4,5,6,7,8,1,
{96}6b,,,5,,,4,,,3,,,2,,,1,,,8,,,7,,,6,,,5,,,4,,,3,,,2,,,1,,,8,,,7,,,4b/6b,,,,,,,,3/5,,,,,,,,2/4,,,,,,,,1b/3b,,,,,,,,2/8,,,,,,,,1/7,,,,,,,,
{32}8b,7,6,5,4,3,2,1,8,7,6,5,4,3,2,1,8,7,6,5,4,3,2,1,8,7,6,5,4,3,2,1,
{32}4b,5,6,7,8,1,2,3,4,5,6,7,8,1,2,3,4b,5,6,7,8,1,2,3,4,5,6,7,8,1,2,3,
{32}7b,6,5,4,3,2,1,8,7,6,5,4,3,2,1,8,7b,6,5,4,3,2,1,8,7,6,5,4,3,2,1,8,
{96}3b,,,4,,,5,,,6,,,7,,,8,,,1,,,2,,,3,,,4,,,5,,,6,,,7,,,8,,,1,,,2,,,3b/5b,,,,,,,,4/6,,,,,,,,5/7,,,,,,,,6b/8b,,,,,,,,1/7,,,,,,,,2/8,,,,,,,,
{4}3/1s5[2:1],,,1bs5[16:19],
{1},
{1},
{1},
E

