&title=[蔵]Glorious Crown[宴]
&wholebpm=225
&artist=xi
&des=
&shortid=100456
&genre=宴会場
&cabinet=SD
&version=maimai DX BUDDiES
&ChartConverter=Neskol
&ChartConvertTool=MaichartConverter
&ChartConvertToolVersion=1.0.7.1
&smsg=See https://github.com/Neskol/MaichartConverter for updates

&lv_7=14+?

&inote_7=
(225.5){1},
{1},
{1},
{12}8,1,2,8,1,2,8,1,2,8,,1,
{12}8,1,2,8,1,2,8,7,6,5,,,
{12}1,8,7,1,8,7,1,8,7,1,,8,
{12}1,8,7,1,8,7,1,2,3,4,,,
{12}8,1,2,8,1,2,8,1,2,8,,1,
{12}8,1,2,8,1,2,8,7,6,5,,,
{12}1b,8,7,1,,8,1b,8,7,1,,8,
{16}1b,8,1,8,1b,8,1,8,1b,8,1,8,1b,8,1,8,
{16}2,1,8,7,6,5,4,3,7,8,1,2,3,4,5,6,
{24}1,8,7,6,5,4,3,2,1,8,7,6,1,,,1,,,2,,,2,,,
{8}1h[8:5],,,,,4,4,3,
{4}2>5[4:1],5<8[4:1],8>3[4:1],,
{8}1h[8:5],,,,,4,4,3,
{4}2<7[4:1],7<4[4:1],4>1[4:1],,
{4}7h[4:1],2h[4:1],8h[4:1],1h[4:1],
{16}8,,,1/8,,,1/8,,2/7,,,,,,,,
{4}7/8,1/6,2/5,3/4,
{4}4-8[4:1],8-4[4:1],4-2[8:1]*-6[8:1],,
{8}8h[8:5],,,,,5,5,6,
{4}7<4[4:1],4>1[4:1],1<6[4:1],,
{8}8h[8:5],,,,,5,5,6,
{4}7>2[4:1],2>5[4:1],5<8[4:1],,
{4}2h[4:1],7h[4:1],1h[4:1],8h[4:1],
{16}1,,,1/8,,,1/8,,2/7,,,,,,,,
{8}1,8,1,8,2,7,2,7,
{16}1,8,1,8,1,8,1,8,2,7,2,7,2,7,2,7,
{24}1,8,7,6,5,4,3,2,1,8,7,6,5b,,,,,,,,,,,,
{8}1/8<6[8:1],1,2/8,,1/8-5[8:1],1,2/8,,
{8}2/8<6[8:1],2,3/8,3,4/8-5[8:1],4,3/8,,
{8}2/8<6[8:1],2,3/8,3,2/8-5[8:1],2,3/8,3,
{48}2/8<6[8:1],,,,,,2,,,,,,1/8,,,,,,1,,2,,3,,4/8-5[8:1],,,,,,,,,4,,,8,,,,,,3,,,,,,
{24}2/8<6[8:1],,,2,,,5/8,4,3,2,,,2/8-5[8:1],,,2,,,1/8,,,,,,
{24}2/8<6[8:1],,,2,,,1/8,,,1,2,3,4/8-5[8:1],,,4,,,3/8,,,3,,,
{4}2/8<6[8:1],2/8,3/8-5[8:1],4/8,
{8}1/8<6[8:1],1,2/8,2,1/8,1,1/8<6[8:1],,
{8}3/8-5[8:1],3,4/8<6[8:1],4,3/8-5[8:1],3,4/8<6[8:1],4,
{8}2/8-5[8:1],2,1/8<6[8:1],1,2/8-5[8:1],2,1/8<6[8:1],1,
{8}3/8-5[8:1],3,4/8<6[8:1],4,2/8-5[8:1],2,1>3[8:1]/8<6[8:1],1,
{4}1-4[8:1]/8-5[8:1],1-6[8:1]/8-3[8:1],1/8,,
{4}1/5,1/6,1/7,1,
{16}1/6,,,,1/7,,,,1/8,,,1/8,,,2/7,,
{8}1,8,1,8,1,8,1,8,
{32}3b/4b,,,,,,5b/6b,,,,,,1b/8b,,,,7,8,1,2,3,4,5,6,7b,,,,,,,,
{16}1,8,1,8,2,7,2,7,3,6,3,6,4,5,4,5,
{16}1,2,8,7,1,2,8,7,2,3,7,6,2,3,7,6,
{16}4,5,4,5,3,6,3,6,2,7,2,7,1,8,1,8,
{16}1,2,8,7,1,2,8,7,2,3,7,6,2,3,7,6,
{16}4,5,4,5,1,8,1,8,2,6,2,6,3,7,3,7,
{16}2,6,2,6,1,5,1,5,2,6,2,6,3,7,3,7,
{16}4,8,4,8,3,7,3,7,2,6,2,6,1,5,1,5,
{16}1,8,1,8,1-7[8:1],,,1-3[8:1],,,1-5[8:1],,,,,,
{16}1,8,1,8,2,7,2,7,3,6,3,6,4,5,4,5,
{16}1,2,8,7,1,2,8,7,2,3,7,6,2,3,7,6,
{16}4,5,4,5,3,6,3,6,2,7,2,7,1,8,1,8,
{16}1,2,8,7,1,2,8,7,2,3,7,6,2,3,7,6,
{16}4,5,4,5,1,8,1,8,2,7,2,7,3,6,3,6,
{16}1,8,1,8,2,7,2,7,1,8,1,8,2,7,2,7,
{16}4,5,4,5,3,6,3,6,2,7,2,7,1,8,1,8,
{16}2,7,2,7,2,7,2,7,1,8,1,8,1,8,1,8,
{48}1,,,2,,,3,,,4,,,8,,,7,,,6,,,5,,,8,,1,,2,,3,,4,,5,,6,,7,,8,,1,,2,,3,,
{12}8,1,2,8,1,2,8,1,2,8,,1,
{12}8,1,2,8,1,2,8,7,6,5,,,
{12}1,8,7,1,8,7,1,8,7,1,,8,
{12}1,8,7,1,8,7,1,2,3,4,,,
{12}8,1,2,8,1,2,8,1,2,8,,1,
{12}8,1,2,8,1,2,8,8,8,1/7,,,
{12}8,1,2,8,,1,8,8,8,8,,1,
{12}8,8,8,1,1,1,8,8,8,8,,,
{12}1/8,2,3,1/8,2,3,1/8,2,3,8,,2,
{12}1/8,2,3,1/8,2,3,1/8,2/7,3/6,4/5,,,
{12}1/8,7,6,1/8,7,6,1/8,7,6,1/8,,7,
{12}1/8,7,6,1/8,7,6,1/8,2/7,3/6,4/5,,,
{12}1/8,2/7,3/6,1/8,2/7,3/6,1/8,2/7,3/6,1/8,,2/7,
{12}1/8,2/7,3/6,1/8,2/7,3/6,1/8,2/7,3/6,4/5,,,
{16}2,1,8,7,6,5,4,3,7,8,1,2,3,4,5,6,
{24}1,8,7,6,5,4,3,2,1,8,7,6,1,2,3,4,5,6,7,8,1,2,3,4,
{2}5b,2,
{2}6,3,
{2}7,2,
{2}8,3,
{16}1,,8,,7,,6,,2,,,2,,,1,,
{16}8,,1,,2,,3,,8,,,8,,,7,,
{8}1,8,7,6,1,3,2,1,
{16}7,,,7,,,8,,2,,,2,,,1,,
{2}8,1,
{8}8b,,,,8,8,1,2,
{8}3b/6b,,,,,4,4,3,
{4}1/2,3/8,4/7,5/6,
{8}1/8,,,,,5,5,6,
{4}7,8,1w5[8:1],1b,
{16}2,7,2,7,1,8,1,8,2,6,2,6,3,7,3,7,
{16}2,6,2,6,1,5,1,5,2,6,2,6,3,7,3,7,
{16}4,8,4,8,3,7,3,7,2,6,2,6,1,5,1,5,
{16}1,8,1,8,1-7[8:1],,,1-3[8:1],,,1-5[8:1],,,,,,
{16}1,8,1,8,2,7,2,7,3,6,3,6,4,5,4,5,
{16}1,2,8,7,1,2,8,7,2,3,7,6,2,3,7,6,
{16}4,5,4,5,3,6,3,6,2,7,2,7,1,8,1,8,
{16}1,2,8,7,1,2,8,7,2,3,7,6,2,3,7,6,
{16}4,5,4,5,1,8,1,8,2,7,2,7,3,6,3,6,
{16}1,8,1,8,2,7,2,7,1,8,1,8,2,7,2,7,
{16}1,8,1,8,1,8,1,8,2,7,2,7,2,7,2,7,
{24}2,1,8,7,6,5,4,3,2,1,8,7,6,5,4,3,2,1,8,7,6,5,4,3,
{24}7,8,1,2,3,4,5,6,7,8,1,2,3,4,5,6,7,8,1,2,3,4,5,6,
{24}1,8,7,6,5,4,8,1,2,3,4,5,1,8,7,6,5,4,8,1,2,3,4,5,
{32}4,3,2,1,8,7,6,5,4,3,2,1,8,7,6,5,8,1,2,3,4,5,6,7,8,1,2,3,4,5,6,7,
{1}2h[2:3]/6h[1:4],
{1},
{1}1h[1:2],
{1},
{1},
{1},
{1},
E

