&title=[宴]DRAGONLADY[宴]
&wholebpm=150
&artist=Nankumo/CUBE3
&des=
&shortid=100339
&genre=宴会場
&cabinet=SD
&version=maimai DX BUDDiES
&ChartConverter=Neskol
&ChartConvertTool=MaichartConverter
&ChartConvertToolVersion=1.0.8.0
&smsg=See https://github.com/Neskol/MaichartConverter for updates

&lv_7=14.6?

&inote_7=
(150){1},
{16}1b,,,,8,,,1,,,,,7,,,2,
{16},,,,8-4[8:1],,,1,,,,,7,,,2,
{16},,,,8,,,1,,,,,7,,,2,
{16},,,,8,,,1,8,8,8,8,2,2,2,2,
{16}8,,2/7,,1,1,1,1,1,,2/7,,1,1,1,1,
{16}1,,2/7,,1,1,1,1,1,,2/7,,1,1,1,1,
{16}1,,3/6,,4,4,4,4,4,,3/6,,4,4,4,4,
{16}4,,3/6,,4,4,4,4/5,,,3/6,,,2/7,,1/8,
{16}2/7,,5,5,5,,3,3,3,,7,7,7,,1,1,
{16}1,,8,8,8<5[16:1],,8,8,8,,1,1,1,,2,2,
{16}2,,5,5,5,,4,4,4,,5,5,5,,3,3,
{16}3,,7,7,7,,1,1,1>4[8:1],1,1,1,,,,,
{16}1/8,,2,2,5,5,5,5,5,,2,2,5,5,5,5,
{16}5,,2,2,5<8[8:1],5,5,5,5,,2,2,5,5,5,5,
{16}5,,6,6,1,1,1,1,1,,3,3,8,8,8,8,
{16}8,,6,6,1,1,1,1,1s5[16:3],,,1,,,,,
{16}2,2,,8,8,7,7,7,7,7,7,7,7,7b,,,
{16}8b,,7,7,7,8,8,8,2,,2,2,2,,6,6,
{16}6b,,6b,,5,5,5,5,3,3,3,3,3,3b,,,
{16}1,,,4,4,5,5,5,5-8[16:1],5,5,5,,,,,
{16}1,1,1,1,1,1,,7,7,7,7,7,7,7b,,,
{16}1b,,8,8,8,7,7,7,6,6,,,2-6[16:1],,2,2,
{16}2-7[16:1],,,,,,,,2-7[16:1],2,2,2,,,,,
{16}1,,,2,,8,,8,8,8,8,8,1,1,1,1,
{16}6,6,,4,,2,,7,7-4[16:1],7,7,7,,,,,
{16}6,6,,4,,2,,7,7-3[16:1],7,7,7,,,,,
{16}7,7,,5,,3,,7,7-2[16:1],7,7,7,,,,,
{16}7,7,,5,,3,,7,7-3[16:1],7,7,7,,,,,
{16}6,6,,4,,2,,7,7-4[16:1],7,7,7,,,,,
{16}6,6,,4,,2,,7,7-3[16:1],7,7,7,,,,,
{16}6,6,,7,,2,,7,7,7,,8,,2,,8,
{16}8,8,,7,7,7,,6,6,,6,,5-8[16:1],,5,5,
{16},,,,5,5,5,5,5,5,,4,4,4,,8,
{16}8,8,,1,1,1,,8,8,8,,1,1,1,,5,
{16}5,5,,4,4,4,,5,5,5,,4,4,4,,8,
{16}8,8,,1,1,1,,8,8,8,8,8,8,8,8,8,
{16}1,1,2,2,3,3,4,4,5,5,6,6,7,7,8,8,
{16}8,8,7,7,6,6,5,5,4,4,3,3,2,2,1,1,
{16}1,1,2,2,3,3,4,4,5,5,6,6,7,7,8,8,
{16}8,8,7,7,6,6,5,5,4,4,3,3,2,2,1,1,
{16}8b,,,,2,2,,1/7,7b,,,,2,2,,1/7,
{16}7b,,,,7,7,,2/8,2b,,,,7,7,,2/8,
{16}2b,,,,7,7,,2/7,2b/7,,,,7,7,,1/8,
{1},
{1},
{8}3/4,5,,,5/6,4,,,
{16}1/8,,1,,7,,2/7,,2/7,2/7,2/7,2/7,2/7,2/7,2/7,2/7,
{16}2/7,,2/7,,4,4,4,4,5,,2/7,,5,5,5,5,
{16}4,,2/7,,4,4,4,4,5,,2/7,,5,5,5,5,
{16}4,,2/7,,4,4,4,4,5,,2/7,,5,5,5,5,
{16}3,,2/7,,7,7,8,8,1>4[8:1],1,1,1,,,,,
{16}1/8,,2,2,5,5,5,5,4,,2,2,5,5,5,5,
{16}4,,2,2,5<8[8:1],5,5,5,4,4,4,4,5,5,5,5,
{16}4,,3,3,8,8,8,8,1,,3,3,8,8,8,8,
{16}1,1,1,1,8,8,8,8,8/1s5[16:3],,,1/8,,,,,
{1},
{1},
{1},
E

