&title=YA･DA･YO [Reborn][SD]
&wholebpm=105
&artist=古代 祐三「ファンタジーゾーン」
&des=譜面-100号
&shortid=113
&genre=ゲームバラエティ
&cabinet=SD
&version=maimai PLUS
&ChartConverter=Neskol
&ChartConvertTool=MaichartConverter
&ChartConvertToolVersion=1.0.6.1
&smsg=See https://github.com/Neskol/MaichartConverter for updates

&lv_1=
&des_1=

&lv_2=4
&des_2=-

&lv_3=8+
&des_3=-

&lv_4=13
&des_4=譜面-100号

&lv_5=13
&des_5=譜面-100号

&lv_6=
&des_6=


&inote_2=
(105){1},
{4},2h[2:1],,,
{1},
{4},3h[2:1],,,
{1},
{4},2,,2,
{4},1,,1,
{2}1/8,1/8,
{4}2/7,,,8b,
{4}1,2,,1,
{4}8,7,,8,
{4}1,1,,2,
{4}1,1,,8,
{4}7,7,,6,
{4}7,7,,8,
{1}1h[4:3],
{1}2h[4:3],
{1}3-8[4:1],
{4},8,,8,
{1}7-4[4:1],
{4},4,,4,
{1}5-8[4:1],
{4},8,,8,
{2}1/8,1/2,
{4}8,8,,8b,
{4},1,2,3,
{4},2h[2:1],,,
{4},1,8,7,
{4},8h[2:1],,,
{4},8,1,2,
{4},1h[2:1],,,
{4},1,8,7-2[2:1],
{1},
{4},3,4,3,
{4},1,2,1,
{4},8,7,8,
{4},7,6,5,
{4}7/8,1,2,3,
{4},2,1,8,
{4}1/2,3,4,5,
{1}6b,
{8}7h[4:1],,,,,1,1,,
{8}1h[4:1],,,,,3,3,,
{4}2,2,1,1,
{1}8h[4:3],
{1}8b,
{1},
{1},
{1},
E

&inote_3=
(105){1},
{4},2,,1/2,
{4},7,,7/8,
{4},3,,3/4,
{4},6,,5/6,
{4},4,,1/8,
{4}1,1,8,8,
{2}6/7,2/3,
{4}7/8,1/2,,1b/8b,
{8}7,7,7,,1,1,1,,
{8}3,3,3,,4,4,4,,
{8}3,,1,,8,8,8,,
{8}1,1,2,3,4,2,8,,
{8}7,7,7,,5,5,5,,
{8}4,4,4,,6,6,6,,
{8}1,1,1,,2,2,2,,
{8}8,8,7,,1,2,1/8,,
{8}2,3,2,,1,8,1,,
{8}2/3,4,3,,1,1,8,,
{8}6/7,5,6,,8,1,2,,
{8}1/8,7,7,,1,2,2,,
{8}7/8,6,5,,1,2,1,,
{8}8h[4:1],,7,,1,1,2,,
{4}1/2,1,7/8,8,
{4}1/8,2/3,,1b/8b,
{8}8,6,5,7,8,1,8,,
{8}1,3,1,4,1,8,1,2,
{8}1,3,4,2,1,8,1,,
{8}8,6,8,5,8,1,8,7,
{8}6,4,6,7,5,4,6,8,
{1}1-4[4:1],
{8}5,7,5,3,2,4,6,,
{1}5-2[4:1]/6-1[4:1],
{8}8,6,7,1,8,6,4,,
{2}3-8[4:1],7-4[4:1],
{8}3,1,3,4,3,1,7,,
{2}6-1[4:1],2-5[4:1],
{8}6,8,1,3,2,8,6,,
{2}5-2[4:1],1-6[4:1],
{8}5,3,5,6,4,2,8,,
{1}6-3[4:1]/7-2[4:1],
{16}2,,3,,4,,,2h[16:5],,,1,,1,,,,
{16}8,,7,,6,,,8h[16:5],,,1,,1,,,,
{8}2,4,2,1,3,5,7,,
{1}6h[4:3],
{1}1h[4:3]/7h[4:3],
{1},
{1},
{1},
E

&inote_4=
(105){1},
{8},,1/8,,,2,1/8,,
{32},,,,,,,,1/8,,,,,,,,,,,7,7,,,,1/8,,,,,,,,
{32}4,,,,4,,,,2/7,,,,,,,,,,,,,,,7,2,,,7,2,,,,
{8},,2/7,,,8,2/7,,
{32}2,,,,,,,,1/8,,,,,,,,,,,2,2,,,8,1/8,,,,,,,,
{16}7,,7,,1/8,,,,2,,2,,1/8,,,2,
{16}2-6[16:1],,,,,,,7,7-3[16:1],,,,,,,2,
{16}2-6[16:1],,,7,7-3[16:1],,,,,,1/8,,1b/8b,,,,
{16}2,,2,,3,,,4,,,4,,5,,,,
{16}7,,7,,6,,,5,,5,5,,4,,,,
{32}8,,,,8,,,,1,,,1,,,1,,,,2,,2,,,,3,,,,,,,,
{8}1,1,8,8,8,7,6,6,
{16}1,,1,,2,,2,2,,3,3,,4,,4,,
{16}8,,8,8,7,,7,7,6,,6,6,5,,,,
{16}1,,1,1,2,,2,8,,8,8,8,7,,7,,
{16}1,,1,1,8,,8,8,,1,1-4[16:1]/8-5[16:1],,,,,,
{16}2,,2,2,3,,3,4,,4,4,,5,,,,
{16}7,,7,7,6,,6,5,,5,5,,4,,,,
{32}8,,,,8,,,,1,,,1,,,1,,,,2,,2,,2,,3,,,,3,,3,,
{16}1,1,1,,8,8,8,8,8,7,6,,6,,6,,
{16}1,,1,,2,2,2,3,,3,3,3,4,,4,4,
{32}8,,,8,8,,8,,7,,,,7,,6,,,,6,,6,,6,,5,,,,,,,,
{16}1,,1,1,2,,2,8,,8,8,8,7,,7,,
{16}1,,1,1,8,,8,8,,1/8,1-4[16:1]/8-5[16:1],,,,,,
{16}8,1,8,1,7,1,8,1,8,1,8,2,8,1,8,1,
{16}7,8,7,1,8,1,8,2,1,2,8,1,8,1,8,1,
{16}7,2,8,1,8,1,7,2,8,1,8,1,7,2,8,1,
{16}7,1,8,1,8,2,8,1,8,1,7,1,8,1,8,1,
{16}8,2,1,2,8,2,1,2,8,1,8,1,8,2,1,2,
{16}8,1,8,1,7,8,7,1,8,1,8,1,7,8,7,1,
{16}8,1,8,1,7,2,7,2,6,3,6,3,7,2,7,2,
{16}8,3,8,3,7,2,7,2,6,1,6,1,7,2,7,2,
{16}4,3,4,3,5,2,5,2,6,5,6,5,7,4,7,4,
{16}5,4,5,4,6,4,5,4,5,3,5,4,6,4,5,4,
{16}7,5,7,5,6,4,6,4,5,3,5,3,4,2,4,2,
{16}7,3,7,3,7,4,5,4,6,2,6,2,6,4,5,4,
{16}7,3,7,3,6,4,6,4,5b,5b,5b,4,6,4,6,4,
{16}7,4,7,4,5,3,5,3,6,5,5,3,4,4,5,3,
{16}6,5,6,5,4,3,4,3,4,5,4,5,6,3,6,3,
{16}8,4,8,4,7,3,7,3,6,2,6,2,5,1,5,1,
{16}6,3,6,3,5,4,5,4,8,5,8,5,6,3,6,3,
{16}7,2,7,2,8,1,8,1,5,8,5,8,7,2,7,2,
{16}1,2,1,2,8,3,8,3,7,4,7,4,6,5,6,5,
{16}7,8,6b,8,6,1b,6,1,5b,1,5,2b,5,2,4b,3,
{1}4h[1:1],
{1},
{1},
{1},
E

&inote_5=
(105){1},
{4}3/6,4,3/6,4,
{4}3/6,5,3/6,5,
{24}2,,5,2,,,,,2,5,,2,,,,,,5,2,,5,2,,,
{8}1,,8,,7,7,6,6,
{24}7,,4,7,,,,,7,4,,7,,,,,,4,7,,4,7,,,
{24}2,,,3,,,7,,,6,,,1,,,2,,,8,,,7,,1,
{24}8b,,,,,,,,,,,1,8b,,,,,,,,,,,1,
{24}8b,,,,,1,8b,,,,,,,,,1/8,,,4/5,,,,,,
{16}2,5,4,5,4,4,5,3,,6,5,6,2,3,2,,
{16}1,,7,6,7,4,3,4,,3,4,6,5-2[8:1],,,,
{16}8,,8,,7,1,2,1,,7,8,7,1,1,8,2,
{16}7,,5/8,,4,5,4,5,4,5,8,,5,,2,,
{16}6,,6/8,,7,7,7,1,,5,3,5,4,6,4,5,
{16}3,4,3,4,6,5,6,5,3,4,5,6,7,,,,
{16}5,,7,6,5,,3,4,,6,5,6,1,,4,,
{16}3,,3,3,2,,2,2,,,1/8,,4/5,,,,
{16}2b,5,4,5,4,4,5,3,,6,5,6,2,3,2,,
{16}1b,,7,6,7,4,3,4,,3,4,6,5-2[8:1],,,,
{16}8b,,8,,7,1,2,1,,7,8,7,1,1,8,2,
{16}7b,,5/8,,4,5,4,5,4,5,8,,5,,2,,
{16}6b,,6/8,,7,7,7,1,,5,3,5,4,6,4,5,
{16}3,4,3,4,6,5,6,5,3,4,5,6,7,,,,
{16}5b,,7,6,5,,3,4b,,6,5,6,1,,4,,
{16}3b,,3,3,2b,,2,2,,,1b/8,,4/5,,,,
{16}7,,6,,8,6,7,8,5,7,6,8,7,5,8,7,
{16}1,6,8,8,7,5,8,1,6,,8,,7,,,,
{16}2,,3,,2,4,3,1,2,4,1,3,5,2,4,3,
{16}8,2,4,1,5,3,8,2,4,,2,,3,,,,
{16}1,1,8,1,8,1,8,8,1,8,1,1,8,8,1,8,
{16}3,,6,,4,6,3,5,4,6,5,3,6,4,3,,
{16}8,8,1,8,1,1,8,8,8,1,1,1,8,1,8,8,
{16}4,,5,,3,4,6,6,3,3,5,3,4,6,5,,
{8}7h[16:3],6h[16:3],8h[16:3],7h[16:3],5h[16:3],6h[16:3],7h[16:3],6h[16:3],
{8}3h[16:3],1h[16:3],2h[16:3],4h[16:3],3h[16:3],2h[16:3],1h[16:3],3h[8:1],
{16}4,,5,6,5,4,3,4,5,4,5,6,5,4,5,,
{16}1,,2,1,8,7,6,7,8,1,8,1,2,3,,,
{16}2,6,2,6,3,7,3,7,2,2,6,6,3,3,7,7,
{16}2,2,2,2,6,6,6,6,1,1,1,1,1,1,1,1,
{8}7,8,1,2,3,4,5,6,
{48}7,,,8,,,1,,,2,,,3,,,4,,,5,,,6,,,7,,8,,1,,2,,3,,4,,5,,6,,7,,8,,1,,2,,
{4}1/4,2/7,5/8,3/6,
{16}2/5,,3/6,,4/7,,3/6,,4/5,3/4,4/5,5/6,4/5,4/5,4/5,,
{4}3-6[8:1],6-2[8:1],2-7[8:1],7-4[8:1],
{4}4-1[8:1],1-5[8:1],5-8[8:1],8-4[1:1],
{1},
{1},
{1},
E




